# Made in Blockbench 5.0.5
mtllib Rock pile.mtl

o Rock
v -0.20758373140029285 0.2436657532757856 0.692507938682637
v -0.06602678864417627 0.4184301883902944 0.10937499999999999
v -0.14155694275611658 -0.1747644351145088 0.583132938682637
v 0 0 0
v -0.9079957021808522 0.34476745341459636 -0.11709166446470566
v -1.0495526449369688 0.17000301830008757 0.4660412742179314
v -0.841968913536676 -0.07366273497569803 -0.22646666446470565
v -0.9835258562927927 -0.24842717009020682 0.3566662742179314
vt 0.15625 0.609375
vt 0.375 0.609375
vt 0.375 0.5
vt 0.15625 0.5
vt 0 0.609375
vt 0.15625 0.609375
vt 0.15625 0.5
vt 0 0.5
vt 0.53125 0.609375
vt 0.75 0.609375
vt 0.75 0.5
vt 0.53125 0.5
vt 0.375 0.609375
vt 0.53125 0.609375
vt 0.53125 0.5
vt 0.375 0.5
vt 0.375 0.609375
vt 0.15625 0.609375
vt 0.15625 0.765625
vt 0.375 0.765625
vt 0.59375 0.765625
vt 0.375 0.765625
vt 0.375 0.609375
vt 0.59375 0.609375
vn 0.22649110840978653 0.27962309618321407 -0.9330127018922194
vn 0.9622501868990583 0.08418598282936918 0.25881904510252074
vn -0.22649110840978653 -0.27962309618321407 0.9330127018922194
vn -0.9622501868990583 -0.08418598282936918 -0.25881904510252074
vn -0.15091837404383152 0.956411859177816 0.25000000000000006
vn 0.15091837404383152 -0.956411859177816 -0.25000000000000006
usemtl m_190a73ae-2344-5d61-fcc4-8afc8a840f66
f 4/4/1 7/3/1 5/2/1 2/1/1
f 3/8/2 4/7/2 2/6/2 1/5/2
f 8/12/3 3/11/3 1/10/3 6/9/3
f 7/16/4 8/15/4 6/14/4 5/13/4
f 6/20/5 1/19/5 2/18/5 5/17/5
f 7/24/6 4/23/6 3/22/6 8/21/6
o Rock
v 0.5620439534768473 0.15812445819216714 0.5402922820858624
v 0.30119990672285585 0.2478612153434526 -0.08944095325190562
v 0.5495564006637687 -0.08973675715128546 0.5101446627236775
v 0.2887123539097771 1.0842021724855044e-18 -0.11958857261409053
v -0.21848233031474298 0.2478612153434526 0.12581847745345734
v 0.04236171643924855 0.15812445819216714 0.7555517127912253
v -0.23096988312782168 -8.673617379884035e-19 0.09567085809127243
v 0.029874163626169847 -0.08973675715128546 0.7254040934290404
vt 0.171875 0.328125
vt 0.3125 0.328125
vt 0.3125 0.265625
vt 0.171875 0.265625
vt 0 0.328125
vt 0.171875 0.328125
vt 0.171875 0.265625
vt 0 0.265625
vt 0.484375 0.328125
vt 0.625 0.328125
vt 0.625 0.265625
vt 0.484375 0.265625
vt 0.3125 0.328125
vt 0.484375 0.328125
vt 0.484375 0.265625
vt 0.3125 0.265625
vt 0.3125 0.328125
vt 0.171875 0.328125
vt 0.171875 0.5
vt 0.3125 0.5
vt 0.453125 0.5
vt 0.3125 0.5
vt 0.3125 0.328125
vt 0.453125 0.328125
vn -0.3794095225512604 0.1305261922200516 -0.9159756150367536
vn 0.9238795325112868 0 -0.3826834323650897
vn 0.3794095225512604 -0.1305261922200516 0.9159756150367536
vn -0.9238795325112868 0 0.3826834323650897
vn 0.04995021125231481 0.9914448613738105 0.1205904774487396
vn -0.04995021125231481 -0.9914448613738105 -0.1205904774487396
usemtl m_190a73ae-2344-5d61-fcc4-8afc8a840f66
f 12/28/7 15/27/7 13/26/7 10/25/7
f 11/32/8 12/31/8 10/30/8 9/29/8
f 16/36/9 11/35/9 9/34/9 14/33/9
f 15/40/10 16/39/10 14/38/10 13/37/10
f 14/44/11 9/43/11 10/42/11 13/41/11
f 15/48/12 12/47/12 11/46/12 16/45/12
o Rock
v 0.5582953571153668 0.3945745654962157 0.07261856847182771
v 0.605649972456887 0.2489888526260478 -0.4686471616588926
v 0.5498362698229357 0.03235238063781509 0.16930637865794002
v 0.5971908851644558 -0.11323333223235282 -0.3719593514727803
v -0.45280689426559256 0.2489888526260478 -0.5612501383282794
v -0.5001615096071128 0.3945745654962157 -0.019984408197559117
v -0.46126598155802373 -0.11323333223235282 -0.4645623281421671
v -0.508620596899544 0.03235238063781509 0.07670340198855319
vt 0.140625 0.859375
vt 0.40625 0.859375
vt 0.40625 0.765625
vt 0.140625 0.765625
vt 0 0.859375
vt 0.140625 0.859375
vt 0.140625 0.765625
vt 0 0.765625
vt 0.546875 0.859375
vt 0.8125 0.859375
vt 0.8125 0.765625
vt 0.546875 0.765625
vt 0.40625 0.859375
vt 0.546875 0.859375
vt 0.546875 0.765625
vt 0.40625 0.765625
vt 0.40625 0.859375
vt 0.140625 0.859375
vt 0.140625 1
vt 0.40625 1
vt 0.671875 1
vt 0.40625 1
vt 0.40625 0.859375
vt 0.671875 0.859375
vn 0.0841859828293692 -0.2588190451025207 -0.9622501868990583
vn 0.9961946980917455 -6.938893903907228e-18 0.08715574274765817
vn -0.0841859828293692 0.2588190451025207 0.9622501868990583
vn -0.9961946980917455 6.938893903907228e-18 -0.08715574274765817
vn 0.022557566113149838 0.9659258262890683 -0.25783416049629954
vn -0.022557566113149838 -0.9659258262890683 0.25783416049629954
usemtl m_190a73ae-2344-5d61-fcc4-8afc8a840f66
f 20/52/13 23/51/13 21/50/13 18/49/13
f 19/56/14 20/55/14 18/54/14 17/53/14
f 24/60/15 19/59/15 17/58/15 22/57/15
f 23/64/16 24/63/16 22/62/16 21/61/16
f 22/68/17 17/67/17 18/66/17 21/65/17
f 23/72/18 20/71/18 19/70/18 24/69/18
o Rock
v -0.3706099490919843 0.125 -0.44122501700837047
v -0.45718781407355313 0.125 -0.6075395482292871
v -0.3706099490919843 0 -0.44122501700837047
v -0.45718781407355313 0 -0.6075395482292871
v -0.7898168765153863 0.125 -0.43438381826614936
v -0.7032390115338174 0.125 -0.26806928704523275
v -0.7898168765153863 0 -0.43438381826614936
v -0.7032390115338174 0 -0.26806928704523275
vt 0.671875 0.453125
vt 0.765625 0.453125
vt 0.765625 0.421875
vt 0.671875 0.421875
vt 0.625 0.453125
vt 0.671875 0.453125
vt 0.671875 0.421875
vt 0.625 0.421875
vt 0.8125 0.453125
vt 0.90625 0.453125
vt 0.90625 0.421875
vt 0.8125 0.421875
vt 0.765625 0.453125
vt 0.8125 0.453125
vt 0.8125 0.421875
vt 0.765625 0.421875
vt 0.765625 0.453125
vt 0.671875 0.453125
vt 0.671875 0.5
vt 0.765625 0.5
vt 0.859375 0.5
vt 0.765625 0.5
vt 0.765625 0.453125
vt 0.859375 0.453125
vn -0.4617486132350339 0 -0.8870108331782217
vn 0.8870108331782217 0 -0.4617486132350339
vn 0.4617486132350339 0 0.8870108331782217
vn -0.8870108331782217 0 0.4617486132350339
vn 0 1 0
vn 0 -1 0
usemtl m_190a73ae-2344-5d61-fcc4-8afc8a840f66
f 28/76/19 31/75/19 29/74/19 26/73/19
f 27/80/20 28/79/20 26/78/20 25/77/20
f 32/84/21 27/83/21 25/82/21 30/81/21
f 31/88/22 32/87/22 30/86/22 29/85/22
f 30/92/23 25/91/23 26/90/23 29/89/23
f 31/96/24 28/95/24 27/94/24 32/93/24
o Rock
v 0.562625412925703 0.125 0.1244342988495622
v 0.732558122995075 0.125 0.20367522292594337
v 0.562625412925703 0 0.1244342988495622
v 0.732558122995075 0 0.20367522292594337
v 0.8910399711478373 0.125 -0.1361901972128004
v 0.7211072610784653 0.125 -0.21543112128918157
v 0.8910399711478373 0 -0.1361901972128004
v 0.7211072610784653 0 -0.21543112128918157
vt 0.671875 0.453125
vt 0.765625 0.453125
vt 0.765625 0.421875
vt 0.671875 0.421875
vt 0.625 0.453125
vt 0.671875 0.453125
vt 0.671875 0.421875
vt 0.625 0.421875
vt 0.8125 0.453125
vt 0.90625 0.453125
vt 0.90625 0.421875
vt 0.8125 0.421875
vt 0.765625 0.453125
vt 0.8125 0.453125
vt 0.8125 0.421875
vt 0.765625 0.421875
vt 0.765625 0.453125
vt 0.671875 0.453125
vt 0.671875 0.5
vt 0.765625 0.5
vt 0.859375 0.5
vt 0.765625 0.5
vt 0.765625 0.453125
vt 0.859375 0.453125
vn 0.90630778703665 0 0.4226182617406995
vn -0.4226182617406995 0 0.90630778703665
vn -0.90630778703665 0 -0.4226182617406995
vn 0.4226182617406995 0 -0.90630778703665
vn 0 1 0
vn 0 -1 0
usemtl m_190a73ae-2344-5d61-fcc4-8afc8a840f66
f 36/100/25 39/99/25 37/98/25 34/97/25
f 35/104/26 36/103/26 34/102/26 33/101/26
f 40/108/27 35/107/27 33/106/27 38/105/27
f 39/112/28 40/111/28 38/110/28 37/109/28
f 38/116/29 33/115/29 34/114/29 37/113/29
f 39/120/30 36/119/30 35/118/30 40/117/30
o Rock
v -0.1488572407974289 0.125 0.5566621703171288
v -0.23543510577899773 0.125 0.7229767015380455
v -0.1488572407974289 0 0.5566621703171288
v -0.23543510577899773 0 0.7229767015380455
v 0.09719395666283537 0.125 0.8961324315011832
v 0.1837718216444042 0.125 0.7298179002802666
v 0.09719395666283537 0 0.8961324315011832
v 0.1837718216444042 0 0.7298179002802666
vt 0.671875 0.453125
vt 0.765625 0.453125
vt 0.765625 0.421875
vt 0.671875 0.421875
vt 0.625 0.453125
vt 0.671875 0.453125
vt 0.671875 0.421875
vt 0.625 0.421875
vt 0.8125 0.453125
vt 0.90625 0.453125
vt 0.90625 0.421875
vt 0.8125 0.421875
vt 0.765625 0.453125
vt 0.8125 0.453125
vt 0.8125 0.421875
vt 0.765625 0.421875
vt 0.765625 0.453125
vt 0.671875 0.453125
vt 0.671875 0.5
vt 0.765625 0.5
vt 0.859375 0.5
vt 0.765625 0.5
vt 0.765625 0.453125
vt 0.859375 0.453125
vn -0.461748613235034 0 0.8870108331782218
vn -0.8870108331782218 0 -0.461748613235034
vn 0.461748613235034 0 -0.8870108331782218
vn 0.8870108331782218 0 0.461748613235034
vn 0 1 0
vn 0 -1 0
usemtl m_190a73ae-2344-5d61-fcc4-8afc8a840f66
f 44/124/31 47/123/31 45/122/31 42/121/31
f 43/128/32 44/127/32 42/126/32 41/125/32
f 48/132/33 43/131/33 41/130/33 46/129/33
f 47/136/34 48/135/34 46/134/34 45/133/34
f 46/140/35 41/139/35 42/138/35 45/137/35
f 47/144/36 44/143/36 43/142/36 48/141/36